500 50 10 10
290 179
13 177
31 232
166 276
223 107
75 104
169 208
75 265
289 64
35 26
30 157
300 189
22 284
212 244
142 115
135 44
274 240
86 236
203 148
233 199
209 51
171 215
259 82
30 141
295 218
267 282
87 206
209 29
66 185
196 117
84 141
150 144
177 29
45 166
255 84
96 19
258 162
71 224
8 237
179 15
88 65
12 191
221 211
201 181
123 202
121 100
226 34
124 230
186 250
44 6
291 97
248 139
183 80
195 157
266 49
275 43
204 68
4 236
268 7
31 11
36 101
59 182
295 28
178 105
148 260
83 266
42 27
182 208
289 181
137 133
119 207
231 34
103 66
113 82
213 164
236 242
201 86
277 192
287 42
190 170
139 59
241 266
196 214
114 159
77 91
65 153
283 81
92 203
77 272
222 202
283 123
250 13
258 44
92 261
115 276
2 118
41 109
17 210
194 4
195 150
164 166
231 190
29 299
87 98
180 231
132 81
173 287
167 143
223 238
13 52
249 58
84 115
196 84
256 247
101 84
294 296
22 60
39 231
205 19
139 274
161 216
47 122
146 97
260 224
241 255
96 175
36 284
185 263
173 291
85 109
228 95
120 38
243 240
278 226
284 11
141 146
280 69
120 286
226 10
181 109
211 68
251 28
284 167
294 65
234 45
239 243
226 235
62 17
192 29
233 166
209 249
84 226
35 54
128 157
24 228
84 297
284 89
257 73
56 50
255 7
225 243
126 283
100 133
260 95
267 150
65 4
143 33
107 234
284 210
129 102
88 33
147 241
81 100
272 65
235 43
53 226
63 7
90 166
61 46
280 91
75 42
86 142
127 254
211 110
280 261
31 139
120 2
13 137
164 254
7 229
272 57
146 44
53 132
78 154
60 277
66 148
117 186
256 173
25 57
59 32
68 217
162 87
106 167
196 162
23 272
124 55
92 192
13 258
276 38
254 137
42 57
297 115
251 274
53 93
139 20
240 204
164 79
223 265
69 243
184 150
120 181
102 297
246 139
182 10
161 70
156 171
292 50
64 32
275 164
251 259
232 73
246 194
227 31
235 235
39 103
117 157
137 39
292 220
201 226
169 208
129 41
30 189
95 50
92 37
244 43
265 2
33 150
279 19
232 180
54 138
33 142
133 95
105 242
78 14
72 18
24 110
293 75
31 141
84 169
202 28
8 21
297 126
210 288
94 180
257 185
275 83
1 68
117 81
122 145
259 294
228 54
248 133
156 1
47 158
18 2
103 91
282 70
40 40
74 254
99 166
278 28
116 143
21 129
94 97
6 134
196 221
292 119
271 24
184 184
255 298
57 191
138 52
214 87
211 159
73 29
62 282
98 103
48 127
253 153
191 241
226 197
283 264
283 134
220 15
285 115
288 129
207 10
277 134
92 198
16 112
117 64
149 35
50 74
66 117
263 6
62 76
162 1
271 89
51 110
172 95
122 38
103 236
153 245
101 162
275 247
93 169
233 27
229 44
109 28
263 99
42 202
200 42
229 44
286 103
136 34
266 263
284 239
227 241
174 104
299 127
300 258
181 136
219 255
199 78
47 217
266 139
38 35
57 142
116 116
208 178
79 120
213 175
238 32
235 278
4 130
109 280
187 200
120 135
175 269
90 48
299 133
87 210
85 299
68 97
218 106
70 134
11 290
68 21
23 200
15 66
300 269
87 181
175 264
268 158
144 294
226 176
116 77
264 112
19 60
270 53
181 168
236 6
132 275
53 250
217 200
220 186
197 138
19 105
150 56
45 113
99 262
170 186
248 219
105 188
129 211
294 242
195 24
11 22
292 294
212 212
236 42
290 221
36 148
123 292
192 98
55 66
75 166
186 296
291 209
224 291
141 291
129 267
74 101
118 234
1 19
192 78
268 294
16 299
109 25
40 213
60 166
71 247
249 42
290 212
168 155
22 74
256 87
167 112
259 233
197 50
274 98
136 278
129 14
79 197
42 192
20 287
169 22
203 95
12 172
155 268
244 234
216 125
277 286
209 201
262 160
103 197
177 81
219 291
233 71
156 103
168 284
87 188
170 27
3 32
53 173
275 186
273 117
109 290
144 75
90 277
122 56
237 182
229 190
255 207
189 15
123 103
297 46
172 55
229 201
260 166
293 33
96 72
255 255
51 284
142 8
22 75
81 149
217 222
137 79
38 63
168 190
102 82
135 123
129 72
180 257
55 278
281 61
140 154
196 219
3 229
217 211
110 235
278 42
120 237
286 255
189 159
45 187
190 227
80 24
71 192
