100 20 10 10
30 81
86 15
0 35
1 58
91 46
39 85
83 55
56 69
74 3
97 61
16 7
54 94
43 87
59 24
93 80
57 28
70 22
44 32
19 71
37 82
43 27
58 13
72 75
45 80
9 14
41 17
15 3
95 34
81 93
55 84
16 60
4 57
78 45
26 87
84 41
34 76
11 91
73 6
70 32
89 26
7 43
94 69
6 89
63 81
92 90
87 40
82 94
88 1
71 5
31 97
56 63
65 44
24 16
47 2
30 53
91 33
20 18
5 71
99 56
18 23
32 83
62 48
98 9
66 72
44 42
54 46
23 8
77 82
38 54
29 35
25 86
33 74
64 21
36 37
42 59
0 4
10 52
1 38
28 36
86 10
79 64
39 0
51 22
61 95
35 11
17 28
83 25
22 20
52 66
21 68
14 73
57 96
60 88
49 85
80 67
76 77
50 50
75 29
8 39
74 70
